1403715284.412143 0.021449 0.101998 0.172953 
1403715284.612143 0.038413 0.101273 0.192018 
1403715284.812143 0.045974 0.074978 0.206933 
1403715285.012143 0.048699 0.071699 0.202898 
1403715285.212143 0.049437 0.084217 0.194854 
1403715285.412143 0.055250 0.083917 0.200888 
1403715285.612143 0.055689 0.090388 0.190891 
1403715285.812143 0.053974 0.090403 0.184978 
1403715286.012143 0.053873 0.076008 0.177406 
1403715286.212143 0.051506 0.086363 0.182667 
1403715286.462143 0.041003 0.084763 0.177426 
1403715286.662143 0.042855 0.082271 0.178055 
1403715286.862143 0.041182 0.076727 0.182155 
1403715287.062143 0.038186 0.079236 0.183820 
1403715287.262143 0.039363 0.086959 0.187902 
1403715287.462143 0.037373 0.088171 0.179788 
1403715287.662143 0.034761 0.081010 0.178143 
1403715287.862143 0.033070 0.092747 0.171364 
1403715288.062143 0.035143 0.102535 0.185055 
1403715288.312143 0.041685 0.106335 0.187502 
1403715288.512143 0.007635 0.098359 0.167018 
1403715288.762143 0.012150 0.125749 0.175083 
1403715288.962143 0.001544 0.116848 0.162959 
1403715289.162143 0.004824 0.107518 0.173497 
1403715289.362143 -0.001195 0.107801 0.164906 
1403715289.562143 -0.000543 0.113063 0.164914 
1403715289.862143 -0.000387 0.102435 0.160774 
1403715290.112143 -0.002954 0.105332 0.147802 
1403715290.412143 -0.003121 0.117711 0.131436 
1403715290.612143 -0.005758 0.096505 0.134248 
1403715290.962143 -0.007094 0.094155 0.144954 
1403715291.162143 -0.005529 0.096752 0.145008 
1403715291.462143 -0.008571 0.100788 0.143508 
1403715291.762143 -0.012130 0.102020 0.143733 
1403715292.012143 -0.005347 0.124110 0.139808 
1403715292.212143 -0.012493 0.124868 0.137107 
1403715292.512143 -0.012795 0.124337 0.135716 
1403715292.762143 -0.014643 0.130912 0.134224 
1403715293.012143 -0.017295 0.131869 0.129392 
1403715293.212143 -0.018113 0.130541 0.128937 
1403715293.512143 -0.017813 0.131636 0.126644 
1403715293.712143 -0.015816 0.135442 0.129388 
1403715294.012143 -0.014304 0.136315 0.126903 
1403715294.312143 -0.013080 0.136414 0.131174 
1403715294.562143 -0.011105 0.141108 0.122021 
1403715294.862143 -0.020368 0.135078 0.121962 
1403715295.112143 -0.010727 0.134981 0.119944 
1403715295.362143 -0.018162 0.137799 0.112978 
1403715295.612143 -0.012326 0.129377 0.122293 
1403715295.862143 -0.018943 0.133218 0.108994 
1403715296.112143 -0.017415 0.120235 0.115118 
1403715296.362143 -0.015443 0.118151 0.117465 
1403715296.612143 -0.015806 0.118296 0.110419 
1403715296.862143 -0.018808 0.126383 0.105088 
1403715297.112143 -0.016633 0.132742 0.108860 
1403715297.362143 -0.015522 0.136829 0.109381 
1403715297.612143 -0.016906 0.138948 0.108418 
1403715297.962143 -0.012651 0.148453 0.116976 
1403715298.262143 -0.001233 0.148850 0.129986 
1403715298.512143 -0.005877 0.171316 0.105260 
1403715298.762143 -0.003516 0.165008 0.114757 
1403715299.062143 -0.000691 0.165974 0.120257 
1403715299.262143 0.001636 0.161129 0.121707 
1403715299.512143 0.002729 0.161998 0.124589 
