1403715284.412143 0.239103 0.239101 0.024278 0.011528 0.011519 0.002336 
1403715284.612143 0.251756 0.251752 0.025560 0.012086 0.012082 0.002731 
1403715284.812143 0.263810 0.263803 0.026782 0.012511 0.012509 0.003101 
1403715285.012143 0.275338 0.275330 0.027951 0.012830 0.012828 0.003126 
1403715285.212143 0.286404 0.286397 0.029074 0.013094 0.013090 0.003264 
1403715285.412143 0.297056 0.297050 0.030157 0.013376 0.013369 0.003757 
1403715285.612143 0.307335 0.307330 0.031212 0.013752 0.013734 0.004591 
1403715285.812143 0.317281 0.317275 0.032290 0.014165 0.014143 0.006805 
1403715286.012143 0.326927 0.326918 0.033266 0.014577 0.014542 0.007023 
1403715286.212143 0.336296 0.336285 0.034195 0.014949 0.014909 0.007313 
1403715286.462143 0.345410 0.345399 0.035105 0.015273 0.015241 0.007540 
1403715286.662143 0.362765 0.362754 0.036841 0.015803 0.015788 0.007960 
1403715286.862143 0.379330 0.379318 0.038511 0.016242 0.016230 0.008169 
1403715287.062143 0.387437 0.387426 0.039330 0.016448 0.016439 0.008264 
1403715287.262143 0.395375 0.395366 0.040133 0.016683 0.016676 0.008457 
1403715287.462143 0.403157 0.403148 0.040923 0.016951 0.016939 0.008533 
1403715287.662143 0.410790 0.410782 0.041698 0.017219 0.017207 0.008661 
1403715287.862143 0.418284 0.418278 0.042459 0.017477 0.017467 0.008692 
1403715288.062143 0.425646 0.425640 0.043208 0.017760 0.017756 0.008824 
1403715288.312143 0.432879 0.432872 0.043940 0.018139 0.018132 0.009024 
1403715288.512143 0.446825 0.446820 0.045353 0.019162 0.019120 0.009484 
1403715288.762143 0.460343 0.460339 0.046742 0.020275 0.020194 0.011211 
1403715288.962143 0.473477 0.473473 0.048063 0.021332 0.021200 0.012827 
1403715289.162143 0.486260 0.486257 0.049361 0.022234 0.022069 0.012909 
1403715289.362143 0.492599 0.492596 0.050012 0.022648 0.022479 0.013832 
1403715289.562143 0.498856 0.498853 0.050654 0.023060 0.022911 0.014016 
1403715289.862143 0.505033 0.505030 0.051286 0.023506 0.023381 0.013462 
1403715290.112143 0.526164 0.526162 0.053436 0.025247 0.025162 0.013736 
1403715290.412143 0.563971 0.563967 0.057310 0.028126 0.028001 0.016897 
1403715290.612143 0.599431 0.599425 0.061098 0.030086 0.029936 0.018466 
1403715290.962143 0.617378 0.617369 0.062894 0.030821 0.030666 0.018626 
1403715291.162143 0.645858 0.645846 0.065707 0.031756 0.031626 0.019096 
1403715291.462143 0.673135 0.673124 0.068444 0.032541 0.032441 0.019277 
1403715291.762143 0.689169 0.689160 0.070045 0.032974 0.032933 0.020064 
1403715292.012143 0.738737 0.738728 0.075017 0.034576 0.034496 0.021781 
1403715292.212143 0.766184 0.766171 0.077798 0.035514 0.035427 0.022104 
1403715292.512143 0.774161 0.774148 0.078605 0.035776 0.035696 0.022151 
1403715292.762143 0.788147 0.788134 0.080025 0.036135 0.036070 0.022409 
1403715293.012143 0.813950 0.813936 0.082655 0.036457 0.036390 0.022847 
1403715293.212143 0.828398 0.828388 0.084159 0.036504 0.036431 0.023881 
1403715293.512143 0.835790 0.835781 0.084938 0.036534 0.036465 0.024515 
1403715293.712143 0.848768 0.848761 0.086249 0.036705 0.036640 0.024643 
1403715294.012143 0.861544 0.861539 0.087535 0.037033 0.036973 0.024851 
1403715294.312143 0.874127 0.874121 0.088807 0.037553 0.037497 0.024924 
1403715294.562143 0.913678 0.913674 0.092741 0.039780 0.039720 0.028656 
1403715294.862143 0.935967 0.935963 0.095033 0.041471 0.041409 0.029836 
1403715295.112143 0.957714 0.957710 0.097260 0.043651 0.043555 0.029933 
1403715295.362143 0.978951 0.978949 0.099405 0.046188 0.046092 0.030360 
1403715295.612143 0.990920 0.990918 0.100614 0.047900 0.047806 0.030605 
1403715295.862143 1.002730 1.002729 0.101810 0.049902 0.049783 0.031216 
1403715296.112143 1.014386 1.014386 0.103014 0.052110 0.052009 0.031904 
1403715296.362143 1.025901 1.025899 0.104199 0.054449 0.054338 0.032025 
1403715296.612143 1.037281 1.037278 0.105370 0.056784 0.056701 0.032157 
1403715296.862143 1.048530 1.048528 0.106502 0.059103 0.059068 0.033355 
1403715297.112143 1.059655 1.059653 0.107636 0.061457 0.061425 0.033950 
1403715297.362143 1.070664 1.070661 0.108765 0.063752 0.063722 0.033987 
1403715297.612143 1.081552 1.081550 0.109883 0.066091 0.066067 0.034094 
1403715297.962143 1.092317 1.092314 0.110988 0.068629 0.068583 0.034424 
1403715298.262143 1.122115 1.122113 0.114046 0.075939 0.075636 0.035263 
1403715298.512143 1.170767 1.170765 0.119031 0.086318 0.086014 0.035324 
1403715298.762143 1.188037 1.188034 0.120801 0.089701 0.089570 0.036360 
1403715299.062143 1.197831 1.197829 0.121807 0.091661 0.091607 0.037527 
1403715299.262143 1.214718 1.214716 0.123541 0.095020 0.094921 0.039871 
1403715299.512143 1.223559 1.223557 0.124447 0.096722 0.096594 0.040003 
