1403715284.412143 -0.099825 9.185483 3.442824 -0.272507 9.192688 3.414139 
1403715284.612143 -0.084025 9.179842 3.458257 -0.273201 9.188788 3.424565 
1403715284.812143 -0.093937 9.172784 3.476683 -0.277929 9.190419 3.419804 
1403715285.012143 -0.094242 9.174244 3.472819 -0.277612 9.189773 3.421566 
1403715285.212143 -0.084282 9.178169 3.462688 -0.272228 9.186651 3.430369 
1403715285.412143 -0.076305 9.178357 3.462377 -0.273553 9.185840 3.432437 
1403715285.612143 -0.065335 9.185323 3.444079 -0.259736 9.187764 3.428358 
1403715285.812143 -0.066838 9.187838 3.437337 -0.256911 9.187393 3.429564 
1403715286.012143 -0.083555 9.186212 3.441314 -0.261837 9.187579 3.428694 
1403715286.212143 -0.072807 9.187690 3.437610 -0.257854 9.185435 3.434734 
1403715286.462143 -0.083560 9.187280 3.438462 -0.261203 9.182716 3.441744 
1403715286.662143 -0.084959 9.186267 3.441133 -0.263115 9.179585 3.449943 
1403715286.862143 -0.086813 9.184291 3.446356 -0.266691 9.177146 3.456149 
1403715287.062143 -0.084091 9.184764 3.445165 -0.265572 9.175791 3.459832 
1403715287.262143 -0.075641 9.185539 3.443290 -0.263425 9.173304 3.466586 
1403715287.462143 -0.080571 9.188000 3.436608 -0.261597 9.173552 3.466068 
1403715287.662143 -0.087164 9.186638 3.440086 -0.264389 9.173096 3.467063 
1403715287.862143 -0.084144 9.191442 3.427306 -0.257442 9.172943 3.467989 
1403715288.062143 -0.066836 9.191579 3.427321 -0.253125 9.170115 3.475779 
1403715288.312143 -0.060362 9.191881 3.426628 -0.249710 9.168660 3.479859 
1403715288.512143 -0.089673 9.194912 3.417845 -0.246828 9.170750 3.474556 
1403715288.762143 -0.069005 9.202072 3.399003 -0.234579 9.167750 3.483308 
1403715288.962143 -0.088698 9.200465 3.402893 -0.236086 9.166773 3.485779 
1403715289.162143 -0.082843 9.195891 3.415380 -0.236205 9.163639 3.494000 
1403715289.362143 -0.091099 9.197708 3.410275 -0.233925 9.164571 3.491708 
1403715289.562143 -0.088949 9.199326 3.405966 -0.230459 9.163796 3.493971 
1403715289.862143 -0.089782 9.196808 3.412738 -0.225813 9.163855 3.494122 
1403715290.112143 -0.101097 9.199190 3.405995 -0.219152 9.163177 3.496319 
1403715290.412143 -0.111164 9.205199 3.389403 -0.204163 9.163157 3.497283 
1403715290.612143 -0.116315 9.197918 3.408941 -0.206186 9.159824 3.505884 
1403715290.962143 -0.109102 9.196864 3.412022 -0.205037 9.157667 3.511582 
1403715291.162143 -0.107532 9.197569 3.410172 -0.199255 9.156075 3.516063 
1403715291.462143 -0.108405 9.199202 3.405736 -0.193055 9.155637 3.517550 
1403715291.762143 -0.109301 9.199688 3.404395 -0.189773 9.155315 3.518563 
1403715292.012143 -0.103492 9.207610 3.383094 -0.167810 9.156019 3.517848 
1403715292.212143 -0.109248 9.207945 3.381998 -0.164969 9.156380 3.517046 
1403715292.512143 -0.110585 9.207818 3.382302 -0.164036 9.156367 3.517121 
1403715292.762143 -0.111586 9.210122 3.375991 -0.158791 9.156771 3.516312 
1403715293.012143 -0.115871 9.211293 3.372648 -0.156000 9.157866 3.513584 
1403715293.212143 -0.116787 9.211571 3.371858 -0.156777 9.158324 3.512353 
1403715293.512143 -0.116447 9.210778 3.374036 -0.154705 9.157393 3.514874 
1403715293.712143 -0.119155 9.212153 3.370186 -0.159952 9.157148 3.515274 
1403715294.012143 -0.120734 9.211709 3.371341 -0.161561 9.156709 3.516347 
1403715294.312143 -0.117933 9.212942 3.368071 -0.164511 9.157451 3.514277 
1403715294.562143 -0.126820 9.211913 3.370562 -0.172462 9.156868 3.515415 
1403715294.862143 -0.125425 9.210025 3.375770 -0.174709 9.157745 3.513016 
1403715295.112143 -0.124141 9.210227 3.375266 -0.179008 9.158613 3.510536 
1403715295.362143 -0.133660 9.209050 3.378111 -0.184741 9.158656 3.510127 
1403715295.612143 -0.119952 9.208665 3.379676 -0.184704 9.160509 3.505290 
1403715295.862143 -0.134911 9.207164 3.383201 -0.188832 9.159943 3.506551 
1403715296.112143 -0.123603 9.204209 3.391659 -0.187751 9.161227 3.503252 
1403715296.362143 -0.119970 9.203961 3.392464 -0.188907 9.162376 3.500184 
1403715296.612143 -0.126238 9.202948 3.394985 -0.191460 9.162730 3.499118 
1403715296.862143 -0.135196 9.204543 3.390311 -0.196456 9.163435 3.496994 
1403715297.112143 -0.133713 9.207244 3.383031 -0.199806 9.165289 3.491941 
1403715297.362143 -0.134530 9.208680 3.379086 -0.202948 9.166666 3.488145 
1403715297.612143 -0.136810 9.209165 3.377673 -0.205879 9.167773 3.485062 
1403715297.962143 -0.131092 9.213447 3.366202 -0.208821 9.170596 3.477451 
1403715298.262143 -0.115937 9.215631 3.360776 -0.208662 9.176375 3.462183 
1403715298.512143 -0.145719 9.220770 3.345485 -0.226815 9.182065 3.445918 
1403715298.762143 -0.134962 9.219536 3.349336 -0.224525 9.185252 3.437562 
1403715299.062143 -0.129055 9.220319 3.347412 -0.224046 9.187514 3.431545 
1403715299.262143 -0.125718 9.218940 3.351335 -0.222973 9.189652 3.425884 
1403715299.512143 -0.122769 9.219455 3.350029 -0.222531 9.191339 3.421383 
