1403715284.412143 1.114346 1.071625 
1403715284.612143 1.293530 1.289147 
1403715284.812143 1.389533 1.490819 
1403715285.012143 1.410889 1.499224 
1403715285.212143 1.415328 1.468837 
1403715285.412143 1.451900 1.477573 
1403715285.612143 1.653075 1.675030 
1403715285.812143 1.699789 1.717915 
1403715286.012143 1.680726 1.718942 
1403715286.212143 1.692880 1.743199 
1403715286.462143 1.721168 1.765759 
1403715286.662143 1.718820 1.749884 
1403715286.862143 1.729758 1.750322 
1403715287.062143 1.736539 1.750557 
1403715287.262143 1.728813 1.730170 
1403715287.462143 1.738376 1.729953 
1403715287.662143 1.738987 1.721810 
1403715287.862143 1.751608 1.733644 
1403715288.062143 1.768942 1.758379 
1403715288.312143 1.767505 1.772693 
1403715288.512143 1.831536 1.851233 
1403715288.762143 1.825328 1.836119 
1403715288.962143 1.771255 1.789863 
1403715289.162143 1.767957 1.786739 
1403715289.362143 1.790215 1.808226 
1403715289.562143 1.785552 1.799331 
1403715289.862143 1.896929 1.905776 
1403715290.112143 1.900150 1.890911 
1403715290.412143 1.928831 1.902654 
1403715290.612143 1.921902 1.891523 
1403715290.962143 1.934425 1.898331 
1403715291.162143 1.931347 1.896939 
1403715291.462143 1.935176 1.903780 
1403715291.762143 1.940675 1.921100 
1403715292.012143 1.950659 1.961088 
1403715292.212143 1.945690 1.965416 
1403715292.512143 1.946381 1.964503 
1403715292.762143 1.940524 1.953045 
1403715293.012143 1.944076 1.949623 
1403715293.212143 1.948679 1.952464 
1403715293.512143 1.945620 1.949119 
1403715293.712143 1.938503 1.939787 
1403715294.012143 1.936028 1.933355 
1403715294.312143 1.934465 1.928580 
1403715294.562143 1.906493 1.897562 
1403715294.862143 1.946506 1.931990 
1403715295.112143 1.935436 1.915909 
1403715295.362143 1.923898 1.910987 
1403715295.612143 1.930064 1.917770 
1403715295.862143 1.919749 1.906000 
1403715296.112143 1.919814 1.907904 
1403715296.362143 1.917876 1.902023 
1403715296.612143 1.917866 1.900113 
1403715296.862143 1.917974 1.907744 
1403715297.112143 1.925462 1.924612 
1403715297.362143 1.925521 1.927460 
1403715297.612143 1.926462 1.933818 
1403715297.962143 1.938213 1.959704 
1403715298.262143 1.949531 2.013868 
1403715298.512143 1.954570 2.037709 
1403715298.762143 1.957217 2.012199 
1403715299.062143 1.962556 2.005318 
1403715299.262143 1.981060 2.005168 
1403715299.512143 1.984308 2.012734 
